#BEGIN,3,52012,ÃöA001,0,2011111,5555555,90,10:10:10,0,268435457,0.000000,0.000000,250,2,2,4,2721695.000000,10685459.000000,60,0,0,0,º½Ïò½Ç,0,0,00001111111111111123,40100,0,0,0,,END&
#BEGIN,3,52012,ÃöA001,0,2011111,5555555,90,10:10:10,0,268435457,0.200000,1.200000,250,2,2,4,2721695.170000,10685459.500000,60,0,0,0,º½Ïò½Ç,0,0,00001111111111111123,40100,0,0,0,,END&
#BEGIN,3,52012,ÃöA001,0,2011111,5555555,90,10:10:10,0,268435457,0.400000,2.400000,250,2,2,4,2721695.330000,10685460.000000,60,0,0,0,º½Ïò½Ç,0,0,00001111111111111123,40100,0,0,0,,END&
#BEGIN,3,52012,ÃöA001,0,2011111,5555555,90,10:10:10,0,268435457,0.600000,3.600000,250,2,2,4,2721695.500000,10685460.500000,60,0,0,0,º½Ïò½Ç,0,0,00001111111111111123,40100,0,0,0,,END&
#BEGIN,3,52012,ÃöA001,0,2011111,5555555,90,10:10:10,0,268435457,0.800000,4.800000,250,2,2,4,2721695.830000,10685461.170000,60,0,0,0,º½Ïò½Ç,0,0,00001111111111111123,40100,0,0,0,,END&
#BEGIN,3,52012,ÃöA001,0,2011111,5555555,90,10:10:10,0,268435457,1.000000,6.000000,250,2,2,4,2721696.170000,10685461.830000,60,0,0,0,º½Ïò½Ç,0,0,00001111111111111123,40100,0,0,0,,END&
#BEGIN,3,52012,ÃöA001,0,2011111,5555555,90,10:10:10,0,268435457,1.200000,7.200000,250,2,2,4,2721696.500000,10685462.500000,60,0,0,0,º½Ïò½Ç,0,0,00001111111111111123,40100,0,0,0,,END&
#BEGIN,3,52012,ÃöA001,0,2011111,5555555,90,10:10:10,0,268435457,1.400000,8.400000,250,2,2,4,2721696.830000,10685463.330000,60,0,0,0,º½Ïò½Ç,0,0,00001111111111111123,40100,0,0,0,,END&
#BEGIN,3,52012,ÃöA001,0,2011111,5555555,90,10:10:10,0,268435457,1.600000,9.600000,250,2,2,4,2721697.170000,10685464.170000,60,0,0,0,º½Ïò½Ç,0,0,00001111111111111123,40100,0,0,0,,END&
#BEGIN,3,52012,ÃöA001,0,2011111,5555555,90,10:10:10,0,268435457,1.800000,10.800000,250,2,2,4,2721697.670000,10685465.170000,60,0,0,0,º½Ïò½Ç,0,0,00001111111111111123,40100,0,0,0,,END&
#BEGIN,3,52012,ÃöA001,0,2011111,5555555,90,10:10:10,0,268435457,2.000000,12.000000,250,2,2,4,2721698.170000,10685466.170000,60,0,0,0,º½Ïò½Ç,0,0,00001111111111111123,40100,0,0,0,,END&
#BEGIN,3,52012,ÃöA001,0,2011111,5555555,90,10:10:10,0,268435457,2.200000,13.200000,250,2,2,4,2721698.670000,10685467.170000,60,0,0,0,º½Ïò½Ç,0,0,00001111111111111123,40100,0,0,0,,END&
#BEGIN,3,52012,ÃöA001,0,2011111,5555555,90,10:10:10,0,268435457,0.000000,0.000000,250,2,2,4,2721695.000000,10685459.000000,60,0,0,0,º½Ïò½Ç,0,0,00001111111111111123,40100,0,0,0,,END&
#BEGIN,3,52012,ÃöA001,0,2011111,5555555,90,10:10:10,0,268435457,0.200000,1.200000,250,2,2,4,2721695.170000,10685459.500000,60,0,0,0,º½Ïò½Ç,0,0,00001111111111111123,40100,0,0,0,,END&
#BEGIN,3,52012,ÃöA001,0,2011111,5555555,90,10:10:10,0,268435457,0.400000,2.400000,250,2,2,4,2721695.330000,10685460.000000,60,0,0,0,º½Ïò½Ç,0,0,00001111111111111123,40100,0,0,0,,END&
#BEGIN,3,52012,ÃöA001,0,2011111,5555555,90,10:10:10,0,268435457,0.600000,3.600000,250,2,2,4,2721695.500000,10685460.500000,60,0,0,0,º½Ïò½Ç,0,0,00001111111111111123,40100,0,0,0,,END&
#BEGIN,3,52012,ÃöA001,0,2011111,5555555,90,10:10:10,0,268435457,0.800000,4.800000,250,2,2,4,2721695.830000,10685461.170000,60,0,0,0,º½Ïò½Ç,0,0,00001111111111111123,40100,0,0,0,,END&
#BEGIN,3,52012,ÃöA001,0,2011111,5555555,90,10:10:10,0,268435457,1.000000,6.000000,250,2,2,4,2721696.170000,10685461.830000,60,0,0,0,º½Ïò½Ç,0,0,00001111111111111123,40100,0,0,0,,END&
#BEGIN,3,52012,ÃöA001,0,2011111,5555555,90,10:10:10,0,268435457,1.200000,7.200000,250,2,2,4,2721696.500000,10685462.500000,60,0,0,0,º½Ïò½Ç,0,0,00001111111111111123,40100,0,0,0,,END&
#BEGIN,3,52012,ÃöA001,0,2011111,5555555,90,10:10:10,0,268435457,1.400000,8.400000,250,2,2,4,2721696.830000,10685463.330000,60,0,0,0,º½Ïò½Ç,0,0,00001111111111111123,40100,0,0,0,,END&
#BEGIN,3,52012,ÃöA001,0,2011111,5555555,90,10:10:10,0,268435457,1.600000,9.600000,250,2,2,4,2721697.170000,10685464.170000,60,0,0,0,º½Ïò½Ç,0,0,00001111111111111123,40100,0,0,0,,END&
#BEGIN,3,52012,ÃöA001,0,2011111,5555555,90,10:10:10,0,268435457,1.800000,10.800000,250,2,2,4,2721697.670000,10685465.170000,60,0,0,0,º½Ïò½Ç,0,0,00001111111111111123,40100,0,0,0,,END&
#BEGIN,3,52012,ÃöA001,0,2011111,5555555,90,10:10:10,0,268435457,2.000000,12.000000,250,2,2,4,2721698.170000,10685466.170000,60,0,0,0,º½Ïò½Ç,0,0,00001111111111111123,40100,0,0,0,,END&
#BEGIN,3,52012,ÃöA001,0,2011111,5555555,90,10:10:10,0,268435457,2.200000,13.200000,250,2,2,4,2721698.670000,10685467.170000,60,0,0,0,º½Ïò½Ç,0,0,00001111111111111123,40100,0,0,0,,END&
#BEGIN,3,52012,ÃöA001,0,2011111,5555555,90,10:10:10,0,268435457,2.400000,14.400000,250,2,2,4,2721699.170000,10685468.330000,60,0,0,0,º½Ïò½Ç,0,0,00001111111111111123,40100,0,0,0,,END&
#BEGIN,3,52012,ÃöA003,0,2011111,5555555,90,10:10:10,0,268435457,0.200000,1.200000,250,2,2,4,2721583.500000,10685590.830000,60,0,0,0,º½Ïò½Ç,0,0,00001111111111111123,40100,0,0,0,,END&
#BEGIN,3,52012,ÃöA001,0,2011111,5555555,90,10:10:10,0,268435457,2.600000,15.600000,250,2,2,4,2721699.830000,10685469.330000,60,0,0,0,º½Ïò½Ç,0,0,00001111111111111123,40100,0,0,0,,END&
#BEGIN,3,52012,ÃöA003,0,2011111,5555555,90,10:10:10,0,268435457,0.400000,2.400000,250,2,2,4,2721583.500000,10685590.830000,60,0,0,0,º½Ïò½Ç,0,0,00001111111111111123,40100,0,0,0,,END&
#BEGIN,3,52012,ÃöA001,0,2011111,5555555,90,10:10:10,0,268435457,2.800000,16.800000,250,2,2,4,2721700.330000,10685470.500000,60,0,0,0,º½Ïò½Ç,0,0,00001111111111111123,40100,0,0,0,,END&
#BEGIN,3,52012,ÃöA003,0,2011111,5555555,90,10:10:10,0,268435457,0.600000,3.600000,250,2,2,4,2721583.500000,10685590.830000,60,0,0,0,º½Ïò½Ç,0,0,00001111111111111123,40100,0,0,0,,END&
#BEGIN,3,52012,ÃöA001,0,2011111,5555555,90,10:10:10,0,268435457,3.000000,18.000000,250,2,2,4,2721701.000000,10685471.670000,60,0,0,0,º½Ïò½Ç,0,0,00001111111111111123,40100,0,0,0,,END&
#BEGIN,3,52012,ÃöA003,0,2011111,5555555,90,10:10:10,0,268435457,0.800000,4.800000,250,2,2,4,2721583.500000,10685590.830000,60,0,0,0,º½Ïò½Ç,0,0,00001111111111111123,40100,0,0,0,,END&
#BEGIN,3,52012,ÃöA001,0,2011111,5555555,90,10:10:10,0,268435457,3.200000,19.200000,250,2,2,4,2721701.670000,10685473.000000,60,0,0,0,º½Ïò½Ç,0,0,00001111111111111123,40100,0,0,0,,END&
#BEGIN,3,52012,ÃöA003,0,2011111,5555555,90,10:10:10,0,268435457,1.000000,6.000000,250,2,2,4,2721583.500000,10685590.670000,60,0,0,0,º½Ïò½Ç,0,0,00001111111111111123,40100,0,0,0,,END&
#BEGIN,3,52012,ÃöA001,0,2011111,5555555,90,10:10:10,0,268435457,3.400000,20.400000,250,2,2,4,2721702.330000,10685474.170000,60,0,0,0,º½Ïò½Ç,0,0,00001111111111111123,40100,0,0,0,,END&
#BEGIN,3,52012,ÃöA003,0,2011111,5555555,90,10:10:10,0,268435457,1.200000,7.200000,250,2,2,4,2721583.500000,10685590.670000,60,0,0,0,º½Ïò½Ç,0,0,00001111111111111123,40100,0,0,0,,END&
#BEGIN,3,52012,ÃöA001,0,2011111,5555555,90,10:10:10,0,268435457,3.600000,21.600000,250,2,2,4,2721703.170000,10685475.500000,60,0,0,0,º½Ïò½Ç,0,0,00001111111111111123,40100,0,0,0,,END&
#BEGIN,3,52012,ÃöA003,0,2011111,5555555,90,10:10:10,0,268435457,1.400000,8.400000,250,2,2,4,2721583.500000,10685590.670000,60,0,0,0,º½Ïò½Ç,0,0,00001111111111111123,40100,0,0,0,,END&
#BEGIN,3,52012,ÃöA001,0,2011111,5555555,90,10:10:10,0,268435457,3.800000,22.800000,250,2,2,4,2721703.830000,10685476.830000,60,0,0,0,º½Ïò½Ç,0,0,00001111111111111123,40100,0,0,0,,END&
#BEGIN,3,52012,ÃöA003,0,2011111,5555555,90,10:10:10,0,268435457,1.600000,9.600000,250,2,2,4,2721583.500000,10685590.670000,60,0,0,0,º½Ïò½Ç,0,0,00001111111111111123,40100,0,0,0,,END&
#BEGIN,3,52012,ÃöA001,0,2011111,5555555,90,10:10:10,0,268435457,4.000000,24.000000,250,2,2,4,2721704.500000,10685478.170000,60,0,0,0,º½Ïò½Ç,0,0,00001111111111111123,40100,0,0,0,,END&
#BEGIN,3,52012,ÃöA003,0,2011111,5555555,90,10:10:10,0,268435457,1.800000,10.800000,250,2,2,4,2721583.500000,10685590.500000,60,0,0,0,º½Ïò½Ç,0,0,00001111111111111123,40100,0,0,0,,END&
#BEGIN,3,52012,ÃöA001,0,2011111,5555555,90,10:10:10,0,268435457,4.200000,25.200000,250,2,2,4,2721705.170000,10685479.500000,60,0,0,0,º½Ïò½Ç,0,0,00001111111111111123,40100,0,0,0,,END&
#BEGIN,3,52012,ÃöA003,0,2011111,5555555,90,10:10:10,0,268435457,2.000000,12.000000,250,2,2,4,2721583.500000,10685590.500000,60,0,0,0,º½Ïò½Ç,0,0,00001111111111111123,40100,0,0,0,,END&
#BEGIN,3,52012,ÃöA001,0,2011111,5555555,90,10:10:10,0,268435457,4.400000,26.400000,250,2,2,4,2721705.670000,10685480.830000,60,0,0,0,º½Ïò½Ç,0,0,00001111111111111123,40100,0,0,0,,END&
#BEGIN,3,52012,ÃöA003,0,2011111,5555555,90,10:10:10,0,268435457,2.200000,13.200000,250,2,2,4,2721583.500000,10685590.330000,60,0,0,0,º½Ïò½Ç,0,0,00001111111111111123,40100,0,0,0,,END&
#BEGIN,3,52012,ÃöA001,0,2011111,5555555,90,10:10:10,0,268435457,4.600000,27.600000,250,2,2,4,2721706.330000,10685482.330000,60,0,0,0,º½Ïò½Ç,0,0,00001111111111111123,40100,0,0,0,,END&
#BEGIN,3,52012,ÃöA003,0,2011111,5555555,90,10:10:10,0,268435457,2.400000,14.400000,250,2,2,4,2721583.500000,10685590.170000,60,0,0,0,º½Ïò½Ç,0,0,00001111111111111123,40100,0,0,0,,END&
#BEGIN,3,52012,ÃöA001,0,2011111,5555555,90,10:10:10,0,268435457,4.800000,28.800000,250,2,2,4,2721706.830000,10685483.670000,60,0,0,0,º½Ïò½Ç,0,0,00001111111111111123,40100,0,0,0,,END&
#BEGIN,3,52012,ÃöA003,0,2011111,5555555,90,10:10:10,0,268435457,2.600000,15.600000,250,2,2,4,2721583.500000,10685590.000000,60,0,0,0,º½Ïò½Ç,0,0,00001111111111111123,40100,0,0,0,,END&
#BEGIN,3,52012,ÃöA001,0,2011111,5555555,90,10:10:10,0,268435457,5.000000,30.000000,250,2,2,4,2721707.170000,10685485.000000,60,0,0,0,º½Ïò½Ç,0,0,00001111111111111123,40100,0,0,0,,END&
#BEGIN,3,52012,ÃöA003,0,2011111,5555555,90,10:10:10,0,268435457,2.800000,16.800000,250,2,2,4,2721583.500000,10685589.830000,60,0,0,0,º½Ïò½Ç,0,0,00001111111111111123,40100,0,0,0,,END&
#BEGIN,3,52012,ÃöA001,0,2011111,5555555,90,10:10:10,0,268435457,5.200000,31.200000,250,2,2,4,2721707.500000,10685486.330000,60,0,0,0,º½Ïò½Ç,0,0,00001111111111111123,40100,0,0,0,,END&
#BEGIN,3,52012,ÃöA003,0,2011111,5555555,90,10:10:10,0,268435457,3.000000,18.000000,250,2,2,4,2721583.500000,10685589.500000,60,0,0,0,º½Ïò½Ç,0,0,00001111111111111123,40100,0,0,0,,END&
#BEGIN,3,52012,ÃöA001,0,2011111,5555555,90,10:10:10,0,268435457,5.400000,32.400000,250,2,2,4,2721707.830000,10685487.830000,60,0,0,0,º½Ïò½Ç,0,0,00001111111111111123,40100,0,0,0,,END&
#BEGIN,3,52012,ÃöA003,0,2011111,5555555,90,10:10:10,0,268435457,3.200000,19.200000,250,2,2,4,2721583.500000,10685589.170000,60,0,0,0,º½Ïò½Ç,0,0,00001111111111111123,40100,0,0,0,,END&
#BEGIN,3,52012,ÃöA001,0,2011111,5555555,90,10:10:10,0,268435457,5.600000,33.600000,250,2,2,4,2721708.000000,10685489.170000,60,0,0,0,º½Ïò½Ç,0,0,00001111111111111123,40100,0,0,0,,END&
#BEGIN,3,52012,ÃöA003,0,2011111,5555555,90,10:10:10,0,268435457,3.400000,20.400000,250,2,2,4,2721583.330000,10685588.830000,60,0,0,0,º½Ïò½Ç,0,0,00001111111111111123,40100,0,0,0,,END&
#BEGIN,3,52012,ÃöA001,0,2011111,5555555,90,10:10:10,0,268435457,5.800000,34.800000,250,2,2,4,2721708.170000,10685490.500000,60,0,0,0,º½Ïò½Ç,0,0,00001111111111111123,40100,0,0,0,,END&
#BEGIN,3,52012,ÃöA003,0,2011111,5555555,90,10:10:10,0,268435457,3.600000,21.600000,250,2,2,4,2721583.330000,10685588.170000,60,0,0,0,º½Ïò½Ç,0,0,00001111111111111123,40100,0,0,0,,END&
#BEGIN,3,52012,ÃöA001,0,2011111,5555555,90,10:10:10,0,268435457,6.000000,36.000000,250,2,2,4,2721708.330000,10685491.830000,60,0,0,0,º½Ïò½Ç,0,0,00001111111111111123,40100,0,0,0,,END&
#BEGIN,3,52012,ÃöA003,0,2011111,5555555,90,10:10:10,0,268435457,3.800000,22.800000,250,2,2,4,2721583.330000,10685587.670000,60,0,0,0,º½Ïò½Ç,0,0,00001111111111111123,40100,0,0,0,,END&
#BEGIN,3,52012,ÃöA001,0,2011111,5555555,90,10:10:10,0,268435457,6.200000,37.200000,250,2,2,4,2721708.170000,10685493.330000,60,0,0,0,º½Ïò½Ç,0,0,00001111111111111123,40100,0,0,0,,END&
#BEGIN,3,52012,ÃöA003,0,2011111,5555555,90,10:10:10,0,268435457,4.000000,24.000000,250,2,2,4,2721583.330000,10685587.000000,60,0,0,0,º½Ïò½Ç,0,0,00001111111111111123,40100,0,0,0,,END&
#BEGIN,3,52012,ÃöA001,0,2011111,5555555,90,10:10:10,0,268435457,6.400000,38.400000,250,2,2,4,2721708.170000,10685494.670000,60,0,0,0,º½Ïò½Ç,0,0,00001111111111111123,40100,0,0,0,,END&
#BEGIN,3,52012,ÃöA003,0,2011111,5555555,90,10:10:10,0,268435457,4.200000,25.200000,250,2,2,4,2721583.170000,10685586.170000,60,0,0,0,º½Ïò½Ç,0,0,00001111111111111123,40100,0,0,0,,END&
#BEGIN,3,52012,ÃöA001,0,2011111,5555555,90,10:10:10,0,268435457,6.600000,39.600000,250,2,2,4,2721708.000000,10685496.000000,60,0,0,0,º½Ïò½Ç,0,0,00001111111111111123,40100,0,0,0,,END&
#BEGIN,3,52012,ÃöA003,0,2011111,5555555,90,10:10:10,0,268435457,4.400000,26.400000,250,2,2,4,2721583.170000,10685585.330000,60,0,0,0,º½Ïò½Ç,0,0,00001111111111111123,40100,0,0,0,,END&
#BEGIN,3,52012,ÃöA001,0,2011111,5555555,90,10:10:10,0,268435457,6.800000,40.800000,250,2,2,4,2721707.670000,10685497.330000,60,0,0,0,º½Ïò½Ç,0,0,00001111111111111123,40100,0,0,0,,END&
#BEGIN,3,52012,ÃöA003,0,2011111,5555555,90,10:10:10,0,268435457,4.600000,27.600000,250,2,2,4,2721583.000000,10685584.500000,60,0,0,0,º½Ïò½Ç,0,0,00001111111111111123,40100,0,0,0,,END&
#BEGIN,3,52012,ÃöA001,0,2011111,5555555,90,10:10:10,0,268435457,7.000000,42.000000,250,2,2,4,2721707.330000,10685498.670000,60,0,0,0,º½Ïò½Ç,0,0,00001111111111111123,40100,0,0,0,,END&
#BEGIN,3,52012,ÃöA003,0,2011111,5555555,90,10:10:10,0,268435457,4.800000,28.800000,250,2,2,4,2721582.830000,10685583.670000,60,0,0,0,º½Ïò½Ç,0,0,00001111111111111123,40100,0,0,0,,END&
#BEGIN,3,52012,ÃöA001,0,2011111,5555555,90,10:10:10,0,268435457,7.200000,43.200000,250,2,2,4,2721706.830000,10685500.000000,60,0,0,0,º½Ïò½Ç,0,0,00001111111111111123,40100,0,0,0,,END&
#BEGIN,3,52012,ÃöA003,0,2011111,5555555,90,10:10:10,0,268435457,5.000000,30.000000,250,2,2,4,2721582.670000,10685582.830000,60,0,0,0,º½Ïò½Ç,0,0,00001111111111111123,40100,0,0,0,,END&
#BEGIN,3,52012,ÃöA001,0,2011111,5555555,90,10:10:10,0,268435457,7.400000,44.400000,250,2,2,4,2721706.330000,10685501.170000,60,0,0,0,º½Ïò½Ç,0,0,00001111111111111123,40100,0,0,0,,END&
#BEGIN,3,52012,ÃöA003,0,2011111,5555555,90,10:10:10,0,268435457,5.200000,31.200000,250,2,2,4,2721582.670000,10685581.830000,60,0,0,0,º½Ïò½Ç,0,0,00001111111111111123,40100,0,0,0,,END&
#BEGIN,3,52012,ÃöA001,0,2011111,5555555,90,10:10:10,0,268435457,7.600000,45.600000,250,2,2,4,2721705.830000,10685502.500000,60,0,0,0,º½Ïò½Ç,0,0,00001111111111111123,40100,0,0,0,,END&
#BEGIN,3,52012,ÃöA003,0,2011111,5555555,90,10:10:10,0,268435457,5.400000,32.400000,250,2,2,4,2721582.500000,10685580.830000,60,0,0,0,º½Ïò½Ç,0,0,00001111111111111123,40100,0,0,0,,END&
#BEGIN,3,52012,ÃöA001,0,2011111,5555555,90,10:10:10,0,268435457,7.800000,46.800000,250,2,2,4,2721705.000000,10685503.670000,60,0,0,0,º½Ïò½Ç,0,0,00001111111111111123,40100,0,0,0,,END&
#BEGIN,3,52012,ÃöA003,0,2011111,5555555,90,10:10:10,0,268435457,5.600000,33.600000,250,2,2,4,2721582.330000,10685579.830000,60,0,0,0,º½Ïò½Ç,0,0,00001111111111111123,40100,0,0,0,,END&
#BEGIN,3,52012,ÃöA001,0,2011111,5555555,90,10:10:10,0,268435457,8.000000,48.000000,250,2,2,4,2721704.330000,10685505.000000,60,0,0,0,º½Ïò½Ç,0,0,00001111111111111123,40100,0,0,0,,END&
#BEGIN,3,52012,ÃöA003,0,2011111,5555555,90,10:10:10,0,268435457,5.800000,34.800000,250,2,2,4,2721582.170000,10685578.670000,60,0,0,0,º½Ïò½Ç,0,0,00001111111111111123,40100,0,0,0,,END&
#BEGIN,3,52012,ÃöA001,0,2011111,5555555,90,10:10:10,0,268435457,8.200000,49.200000,250,2,2,4,2721703.500000,10685506.170000,60,0,0,0,º½Ïò½Ç,0,0,00001111111111111123,40100,0,0,0,,END&
#BEGIN,3,52012,ÃöA003,0,2011111,5555555,90,10:10:10,0,268435457,6.000000,36.000000,250,2,2,4,2721582.000000,10685577.670000,60,0,0,0,º½Ïò½Ç,0,0,00001111111111111123,40100,0,0,0,,END&
#BEGIN,3,52012,ÃöA001,0,2011111,5555555,90,10:10:10,0,268435457,8.400000,50.400000,250,2,2,4,2721702.500000,10685507.330000,60,0,0,0,º½Ïò½Ç,0,0,00001111111111111123,40100,0,0,0,,END&
#BEGIN,3,52012,ÃöA003,0,2011111,5555555,90,10:10:10,0,268435457,6.200000,37.200000,250,2,2,4,2721581.830000,10685576.500000,60,0,0,0,º½Ïò½Ç,0,0,00001111111111111123,40100,0,0,0,,END&
#BEGIN,3,52012,ÃöA001,0,2011111,5555555,90,10:10:10,0,268435457,8.600000,51.600000,250,2,2,4,2721701.500000,10685508.500000,60,0,0,0,º½Ïò½Ç,0,0,00001111111111111123,40100,0,0,0,,END&
#BEGIN,3,52012,ÃöA003,0,2011111,5555555,90,10:10:10,0,268435457,6.400000,38.400000,250,2,2,4,2721581.500000,10685575.500000,60,0,0,0,º½Ïò½Ç,0,0,00001111111111111123,40100,0,0,0,,END&
#BEGIN,3,52012,ÃöA001,0,2011111,5555555,90,10:10:10,0,268435457,8.800000,52.800000,250,2,2,4,2721700.500000,10685509.670000,60,0,0,0,º½Ïò½Ç,0,0,00001111111111111123,40100,0,0,0,,END&
#BEGIN,3,52012,ÃöA003,0,2011111,5555555,90,10:10:10,0,268435457,6.600000,39.600000,250,2,2,4,2721581.330000,10685574.500000,60,0,0,0,º½Ïò½Ç,0,0,00001111111111111123,40100,0,0,0,,END&
#BEGIN,3,52012,ÃöA001,0,2011111,5555555,90,10:10:10,0,268435457,9.000000,54.000000,250,2,2,4,2721699.170000,10685510.670000,60,0,0,0,º½Ïò½Ç,0,0,00001111111111111123,40100,0,0,0,,END&
#BEGIN,3,52012,ÃöA003,0,2011111,5555555,90,10:10:10,0,268435457,6.800000,40.800000,250,2,2,4,2721581.170000,10685573.500000,60,0,0,0,º½Ïò½Ç,0,0,00001111111111111123,40100,0,0,0,,END&
#BEGIN,3,52012,ÃöA001,0,2011111,5555555,90,10:10:10,0,268435457,9.200000,55.200000,250,2,2,4,2721698.000000,10685511.670000,60,0,0,0,º½Ïò½Ç,0,0,00001111111111111123,40100,0,0,0,,END&
#BEGIN,3,52012,ÃöA003,0,2011111,5555555,90,10:10:10,0,268435457,7.000000,42.000000,250,2,2,4,2721581.000000,10685572.670000,60,0,0,0,º½Ïò½Ç,0,0,00001111111111111123,40100,0,0,0,,END&
#BEGIN,3,52012,ÃöA001,0,2011111,5555555,90,10:10:10,0,268435457,9.400000,56.400000,250,2,2,4,2721696.830000,10685512.670000,60,0,0,0,º½Ïò½Ç,0,0,00001111111111111123,40100,0,0,0,,END&
#BEGIN,3,52012,ÃöA003,0,2011111,5555555,90,10:10:10,0,268435457,7.200000,43.200000,250,2,2,4,2721580.830000,10685571.830000,60,0,0,0,º½Ïò½Ç,0,0,00001111111111111123,40100,0,0,0,,END&
#BEGIN,3,52012,ÃöA001,0,2011111,5555555,90,10:10:10,0,268435457,9.600000,57.600000,250,2,2,4,2721695.500000,10685513.670000,60,0,0,0,º½Ïò½Ç,0,0,00001111111111111123,40100,0,0,0,,END&
#BEGIN,3,52012,ÃöA003,0,2011111,5555555,90,10:10:10,0,268435457,7.400000,44.400000,250,2,2,4,2721580.670000,10685571.000000,60,0,0,0,º½Ïò½Ç,0,0,00001111111111111123,40100,0,0,0,,END&
#BEGIN,3,52012,ÃöA001,0,2011111,5555555,90,10:10:10,0,268435457,9.800000,58.800000,250,2,2,4,2721694.170000,10685514.670000,60,0,0,0,º½Ïò½Ç,0,0,00001111111111111123,40100,0,0,0,,END&
#BEGIN,3,52012,ÃöA003,0,2011111,5555555,90,10:10:10,0,268435457,7.600000,45.600000,250,2,2,4,2721580.500000,10685570.170000,60,0,0,0,º½Ïò½Ç,0,0,00001111111111111123,40100,0,0,0,,END&
#BEGIN,3,52012,ÃöA001,0,2011111,5555555,90,10:10:10,0,268435457,10.000000,60.000000,250,2,2,4,2721692.830000,10685515.830000,60,0,0,0,º½Ïò½Ç,0,0,00001111111111111123,40100,0,0,0,,END&
#BEGIN,3,52012,ÃöA003,0,2011111,5555555,90,10:10:10,0,268435457,7.800000,46.800000,250,2,2,4,2721580.330000,10685569.330000,60,0,0,0,º½Ïò½Ç,0,0,00001111111111111123,40100,0,0,0,,END&
#BEGIN,3,52012,ÃöA001,0,2011111,5555555,90,10:10:10,0,268435457,10.200000,61.200000,250,2,2,4,2721691.500000,10685516.830000,60,0,0,0,º½Ïò½Ç,0,0,00001111111111111123,40100,0,0,0,,END&
#BEGIN,3,52012,ÃöA003,0,2011111,5555555,90,10:10:10,0,268435457,8.000000,48.000000,250,2,2,4,2721580.170000,10685568.330000,60,0,0,0,º½Ïò½Ç,0,0,00001111111111111123,40100,0,0,0,,END&
#BEGIN,3,52012,ÃöA001,0,2011111,5555555,90,10:10:10,0,268435457,10.400000,62.400000,250,2,2,4,2721690.170000,10685517.830000,60,0,0,0,º½Ïò½Ç,0,0,00001111111111111123,40100,0,0,0,,END&
#BEGIN,3,52012,ÃöA003,0,2011111,5555555,90,10:10:10,0,268435457,8.200000,49.200000,250,2,2,4,2721579.830000,10685567.500000,60,0,0,0,º½Ïò½Ç,0,0,00001111111111111123,40100,0,0,0,,END&
#BEGIN,3,52012,ÃöA001,0,2011111,5555555,90,10:10:10,0,268435457,10.600000,63.600000,250,2,2,4,2721688.830000,10685519.000000,60,0,0,0,º½Ïò½Ç,0,0,00001111111111111123,40100,0,0,0,,END&
#BEGIN,3,52012,ÃöA003,0,2011111,5555555,90,10:10:10,0,268435457,8.400000,50.400000,250,2,2,4,2721579.500000,10685566.500000,60,0,0,0,º½Ïò½Ç,0,0,00001111111111111123,40100,0,0,0,,END&
#BEGIN,3,52012,ÃöA001,0,2011111,5555555,90,10:10:10,0,268435457,10.800000,64.800000,250,2,2,4,2721687.500000,10685520.000000,60,0,0,0,º½Ïò½Ç,0,0,00001111111111111123,40100,0,0,0,,END&
#BEGIN,3,52012,ÃöA003,0,2011111,5555555,90,10:10:10,0,268435457,8.600000,51.600000,250,2,2,4,2721579.330000,10685565.330000,60,0,0,0,º½Ïò½Ç,0,0,00001111111111111123,40100,0,0,0,,END&
#BEGIN,3,52012,ÃöA001,0,2011111,5555555,90,10:10:10,0,268435457,11.000000,66.000000,250,2,2,4,2721686.170000,10685521.170000,60,0,0,0,º½Ïò½Ç,0,0,00001111111111111123,40100,0,0,0,,END&
#BEGIN,3,52012,ÃöA003,0,2011111,5555555,90,10:10:10,0,268435457,8.800000,52.800000,250,2,2,4,2721579.000000,10685564.330000,60,0,0,0,º½Ïò½Ç,0,0,00001111111111111123,40100,0,0,0,,END&
#BEGIN,3,52012,ÃöA001,0,2011111,5555555,90,10:10:10,0,268435457,11.200000,67.200000,250,2,2,4,2721684.670000,10685522.170000,60,0,0,0,º½Ïò½Ç,0,0,00001111111111111123,40100,0,0,0,,END&
#BEGIN,3,52012,ÃöA003,0,2011111,5555555,90,10:10:10,0,268435457,9.000000,54.000000,250,2,2,4,2721578.830000,10685563.170000,60,0,0,0,º½Ïò½Ç,0,0,00001111111111111123,40100,0,0,0,,END&
#BEGIN,3,52012,ÃöA001,0,2011111,5555555,90,10:10:10,0,268435457,11.400000,68.400000,250,2,2,4,2721683.330000,10685523.330000,60,0,0,0,º½Ïò½Ç,0,0,00001111111111111123,40100,0,0,0,,END&
#BEGIN,3,52012,ÃöA003,0,2011111,5555555,90,10:10:10,0,268435457,9.200000,55.200000,250,2,2,4,2721578.500000,10685562.170000,60,0,0,0,º½Ïò½Ç,0,0,00001111111111111123,40100,0,0,0,,END&
#BEGIN,3,52012,ÃöA001,0,2011111,5555555,90,10:10:10,0,268435457,11.600000,69.600000,250,2,2,4,2721681.830000,10685524.500000,60,0,0,0,º½Ïò½Ç,0,0,00001111111111111123,40100,0,0,0,,END&
#BEGIN,3,52012,ÃöA003,0,2011111,5555555,90,10:10:10,0,268435457,9.400000,56.400000,250,2,2,4,2721578.170000,10685561.330000,60,0,0,0,º½Ïò½Ç,0,0,00001111111111111123,40100,0,0,0,,END&
#BEGIN,3,52012,ÃöA001,0,2011111,5555555,90,10:10:10,0,268435457,11.800000,70.800000,250,2,2,4,2721680.330000,10685525.500000,60,0,0,0,º½Ïò½Ç,0,0,00001111111111111123,40100,0,0,0,,END&
#BEGIN,3,52012,ÃöA003,0,2011111,5555555,90,10:10:10,0,268435457,9.600000,57.600000,250,2,2,4,2721578.000000,10685560.330000,60,0,0,0,º½Ïò½Ç,0,0,00001111111111111123,40100,0,0,0,,END&
#BEGIN,3,52012,ÃöA001,0,2011111,5555555,90,10:10:10,0,268435457,12.000000,72.000000,250,2,2,4,2721678.830000,10685526.670000,60,0,0,0,º½Ïò½Ç,0,0,00001111111111111123,40100,0,0,0,,END&
#BEGIN,3,52012,ÃöA003,0,2011111,5555555,90,10:10:10,0,268435457,9.800000,58.800000,250,2,2,4,2721577.670000,10685559.330000,60,0,0,0,º½Ïò½Ç,0,0,00001111111111111123,40100,0,0,0,,END&
#BEGIN,3,52012,ÃöA001,0,2011111,5555555,90,10:10:10,0,268435457,12.200000,73.200000,250,2,2,4,2721677.330000,10685527.830000,60,0,0,0,º½Ïò½Ç,0,0,00001111111111111123,40100,0,0,0,,END&
#BEGIN,3,52012,ÃöA003,0,2011111,5555555,90,10:10:10,0,268435457,10.000000,60.000000,250,2,2,4,2721577.500000,10685558.170000,60,0,0,0,º½Ïò½Ç,0,0,00001111111111111123,40100,0,0,0,,END&
#BEGIN,3,52012,ÃöA001,0,2011111,5555555,90,10:10:10,0,268435457,12.400000,74.400000,250,2,2,4,2721676.000000,10685528.830000,60,0,0,0,º½Ïò½Ç,0,0,00001111111111111123,40100,0,0,0,,END&
#BEGIN,3,52012,ÃöA003,0,2011111,5555555,90,10:10:10,0,268435457,10.200000,61.200000,250,2,2,4,2721577.170000,10685557.170000,60,0,0,0,º½Ïò½Ç,0,0,00001111111111111123,40100,0,0,0,,END&
#BEGIN,3,52012,ÃöA001,0,2011111,5555555,90,10:10:10,0,268435457,12.600000,75.600000,250,2,2,4,2721674.500000,10685530.000000,60,0,0,0,º½Ïò½Ç,0,0,00001111111111111123,40100,0,0,0,,END&
#BEGIN,3,52012,ÃöA003,0,2011111,5555555,90,10:10:10,0,268435457,10.400000,62.400000,250,2,2,4,2721576.830000,10685556.000000,60,0,0,0,º½Ïò½Ç,0,0,00001111111111111123,40100,0,0,0,,END&
#BEGIN,3,52012,ÃöA001,0,2011111,5555555,90,10:10:10,0,268435457,12.800000,76.800000,250,2,2,4,2721673.170000,10685531.000000,60,0,0,0,º½Ïò½Ç,0,0,00001111111111111123,40100,0,0,0,,END&
#BEGIN,3,52012,ÃöA003,0,2011111,5555555,90,10:10:10,0,268435457,10.600000,63.600000,250,2,2,4,2721576.500000,10685554.830000,60,0,0,0,º½Ïò½Ç,0,0,00001111111111111123,40100,0,0,0,,END&
#BEGIN,3,52012,ÃöA001,0,2011111,5555555,90,10:10:10,0,268435457,13.000000,78.000000,250,2,2,4,2721671.830000,10685532.170000,60,0,0,0,º½Ïò½Ç,0,0,00001111111111111123,40100,0,0,0,,END&
#BEGIN,3,52012,ÃöA003,0,2011111,5555555,90,10:10:10,0,268435457,10.800000,64.800000,250,2,2,4,2721576.330000,10685553.670000,60,0,0,0,º½Ïò½Ç,0,0,00001111111111111123,40100,0,0,0,,END&
#BEGIN,3,52012,ÃöA001,0,2011111,5555555,90,10:10:10,0,268435457,13.200000,79.200000,250,2,2,4,2721670.670000,10685533.170000,60,0,0,0,º½Ïò½Ç,0,0,00001111111111111123,40100,0,0,0,,END&
#BEGIN,3,52012,ÃöA003,0,2011111,5555555,90,10:10:10,0,268435457,11.000000,66.000000,250,2,2,4,2721576.000000,10685552.500000,60,0,0,0,º½Ïò½Ç,0,0,00001111111111111123,40100,0,0,0,,END&
#BEGIN,3,52012,ÃöA001,0,2011111,5555555,90,10:10:10,0,268435457,13.400000,80.400000,250,2,2,4,2721669.330000,10685534.170000,60,0,0,0,º½Ïò½Ç,0,0,00001111111111111123,40100,0,0,0,,END&
#BEGIN,3,52012,ÃöA003,0,2011111,5555555,90,10:10:10,0,268435457,11.200000,67.200000,250,2,2,4,2721575.670000,10685551.330000,60,0,0,0,º½Ïò½Ç,0,0,00001111111111111123,40100,0,0,0,,END&
#BEGIN,3,52012,ÃöA001,0,2011111,5555555,90,10:10:10,0,268435457,13.600000,81.600000,250,2,2,4,2721668.000000,10685535.000000,60,0,0,0,º½Ïò½Ç,0,0,00001111111111111123,40100,0,0,0,,END&
#BEGIN,3,52012,ÃöA003,0,2011111,5555555,90,10:10:10,0,268435457,11.400000,68.400000,250,2,2,4,2721575.500000,10685550.170000,60,0,0,0,º½Ïò½Ç,0,0,00001111111111111123,40100,0,0,0,,END&
#BEGIN,3,52012,ÃöA001,0,2011111,5555555,90,10:10:10,0,268435457,13.800000,82.800000,250,2,2,4,2721666.670000,10685535.830000,60,0,0,0,º½Ïò½Ç,0,0,00001111111111111123,40100,0,0,0,,END&
#BEGIN,3,52012,ÃöA003,0,2011111,5555555,90,10:10:10,0,268435457,11.600000,69.600000,250,2,2,4,2721575.500000,10685548.830000,60,0,0,0,º½Ïò½Ç,0,0,00001111111111111123,40100,0,0,0,,END&
#BEGIN,3,52012,ÃöA001,0,2011111,5555555,90,10:10:10,0,268435457,14.000000,84.000000,250,2,2,4,2721665.330000,10685536.500000,60,0,0,0,º½Ïò½Ç,0,0,00001111111111111123,40100,0,0,0,,END&
#BEGIN,3,52012,ÃöA003,0,2011111,5555555,90,10:10:10,0,268435457,11.800000,70.800000,250,2,2,4,2721575.500000,10685547.670000,60,0,0,0,º½Ïò½Ç,0,0,00001111111111111123,40100,0,0,0,,END&
#BEGIN,3,52012,ÃöA001,0,2011111,5555555,90,10:10:10,0,268435457,14.200000,85.200000,250,2,2,4,2721664.000000,10685537.000000,60,0,0,0,º½Ïò½Ç,0,0,00001111111111111123,40100,0,0,0,,END&
#BEGIN,3,52012,ÃöA003,0,2011111,5555555,90,10:10:10,0,268435457,12.000000,72.000000,250,2,2,4,2721575.500000,10685546.330000,60,0,0,0,º½Ïò½Ç,0,0,00001111111111111123,40100,0,0,0,,END&
#BEGIN,3,52012,ÃöA001,0,2011111,5555555,90,10:10:10,0,268435457,14.400000,86.400000,250,2,2,4,2721662.500000,10685537.670000,60,0,0,0,º½Ïò½Ç,0,0,00001111111111111123,40100,0,0,0,,END&
#BEGIN,3,52012,ÃöA003,0,2011111,5555555,90,10:10:10,0,268435457,12.200000,73.200000,250,2,2,4,2721575.500000,10685545.330000,60,0,0,0,º½Ïò½Ç,0,0,00001111111111111123,40100,0,0,0,,END&
#BEGIN,3,52012,ÃöA001,0,2011111,5555555,90,10:10:10,0,268435457,14.600000,87.600000,250,2,2,4,2721661.170000,10685538.170000,60,0,0,0,º½Ïò½Ç,0,0,00001111111111111123,40100,0,0,0,,END&
#BEGIN,3,52012,ÃöA003,0,2011111,5555555,90,10:10:10,0,268435457,12.400000,74.400000,250,2,2,4,2721575.670000,10685544.170000,60,0,0,0,º½Ïò½Ç,0,0,00001111111111111123,40100,0,0,0,,END&
#BEGIN,3,52012,ÃöA001,0,2011111,5555555,90,10:10:10,0,268435457,14.800000,88.800000,250,2,2,4,2721659.830000,10685538.830000,60,0,0,0,º½Ïò½Ç,0,0,00001111111111111123,40100,0,0,0,,END&
#BEGIN,3,52012,ÃöA003,0,2011111,5555555,90,10:10:10,0,268435457,12.600000,75.600000,250,2,2,4,2721575.670000,10685543.170000,60,0,0,0,º½Ïò½Ç,0,0,00001111111111111123,40100,0,0,0,,END&
#BEGIN,3,52012,ÃöA001,0,2011111,5555555,90,10:10:10,0,268435457,15.000000,90.000000,250,2,2,4,2721658.500000,10685539.500000,60,0,0,0,º½Ïò½Ç,0,0,00001111111111111123,40100,0,0,0,,END&
#BEGIN,3,52012,ÃöA003,0,2011111,5555555,90,10:10:10,0,268435457,12.800000,76.800000,250,2,2,4,2721575.830000,10685542.330000,60,0,0,0,º½Ïò½Ç,0,0,00001111111111111123,40100,0,0,0,,END&
#BEGIN,3,52012,ÃöA001,0,2011111,5555555,90,10:10:10,0,268435457,15.200000,91.200000,250,2,2,4,2721657.170000,10685540.170000,60,0,0,0,º½Ïò½Ç,0,0,00001111111111111123,40100,0,0,0,,END&
#BEGIN,3,52012,ÃöA003,0,2011111,5555555,90,10:10:10,0,268435457,13.000000,78.000000,250,2,2,4,2721575.830000,10685541.330000,60,0,0,0,º½Ïò½Ç,0,0,00001111111111111123,40100,0,0,0,,END&
#BEGIN,3,52012,ÃöA001,0,2011111,5555555,90,10:10:10,0,268435457,15.400000,92.400000,250,2,2,4,2721656.000000,10685541.000000,60,0,0,0,º½Ïò½Ç,0,0,00001111111111111123,40100,0,0,0,,END&
#BEGIN,3,52012,ÃöA003,0,2011111,5555555,90,10:10:10,0,268435457,13.200000,79.200000,250,2,2,4,2721576.000000,10685540.330000,60,0,0,0,º½Ïò½Ç,0,0,00001111111111111123,40100,0,0,0,,END&
#BEGIN,3,52012,ÃöA001,0,2011111,5555555,90,10:10:10,0,268435457,15.600000,93.600000,250,2,2,4,2721654.670000,10685541.830000,60,0,0,0,º½Ïò½Ç,0,0,00001111111111111123,40100,0,0,0,,END&
#BEGIN,3,52012,ÃöA003,0,2011111,5555555,90,10:10:10,0,268435457,13.400000,80.400000,250,2,2,4,2721576.000000,10685539.330000,60,0,0,0,º½Ïò½Ç,0,0,00001111111111111123,40100,0,0,0,,END&
#BEGIN,3,52012,ÃöA001,0,2011111,5555555,90,10:10:10,0,268435457,15.800000,94.800000,250,2,2,4,2721653.330000,10685542.670000,60,0,0,0,º½Ïò½Ç,0,0,00001111111111111123,40100,0,0,0,,END&
#BEGIN,3,52012,ÃöA003,0,2011111,5555555,90,10:10:10,0,268435457,13.600000,81.600000,250,2,2,4,2721576.000000,10685538.330000,60,0,0,0,º½Ïò½Ç,0,0,00001111111111111123,40100,0,0,0,,END&
#BEGIN,3,52012,ÃöA001,0,2011111,5555555,90,10:10:10,0,268435457,16.000000,96.000000,250,2,2,4,2721652.000000,10685543.670000,60,0,0,0,º½Ïò½Ç,0,0,00001111111111111123,40100,0,0,0,,END&
#BEGIN,3,52012,ÃöA003,0,2011111,5555555,90,10:10:10,0,268435457,13.800000,82.800000,250,2,2,4,2721576.000000,10685537.170000,60,0,0,0,º½Ïò½Ç,0,0,00001111111111111123,40100,0,0,0,,END&
#BEGIN,3,52012,ÃöA001,0,2011111,5555555,90,10:10:10,0,268435457,16.200000,97.200000,250,2,2,4,2721650.670000,10685544.670000,60,0,0,0,º½Ïò½Ç,0,0,00001111111111111123,40100,0,0,0,,END&
#BEGIN,3,52012,ÃöA003,0,2011111,5555555,90,10:10:10,0,268435457,14.000000,84.000000,250,2,2,4,2721575.830000,10685536.170000,60,0,0,0,º½Ïò½Ç,0,0,00001111111111111123,40100,0,0,0,,END&
#BEGIN,3,52012,ÃöA001,0,2011111,5555555,90,10:10:10,0,268435457,16.400000,98.400000,250,2,2,4,2721649.500000,10685545.830000,60,0,0,0,º½Ïò½Ç,0,0,00001111111111111123,40100,0,0,0,,END&
#BEGIN,3,52012,ÃöA003,0,2011111,5555555,90,10:10:10,0,268435457,14.200000,85.200000,250,2,2,4,2721575.830000,10685535.170000,60,0,0,0,º½Ïò½Ç,0,0,00001111111111111123,40100,0,0,0,,END&
#BEGIN,3,52012,ÃöA001,0,2011111,5555555,90,10:10:10,0,268435457,16.600000,99.600000,250,2,2,4,2721648.330000,10685547.000000,60,0,0,0,º½Ïò½Ç,0,0,00001111111111111123,40100,0,0,0,,END&
#BEGIN,3,52012,ÃöA003,0,2011111,5555555,90,10:10:10,0,268435457,14.400000,86.400000,250,2,2,4,2721575.670000,10685534.170000,60,0,0,0,º½Ïò½Ç,0,0,00001111111111111123,40100,0,0,0,,END&
#BEGIN,3,52012,ÃöA001,0,2011111,5555555,90,10:10:10,0,268435457,16.800000,100.800000,250,2,2,4,2721647.000000,10685548.170000,60,0,0,0,º½Ïò½Ç,0,0,00001111111111111123,40100,0,0,0,,END&
#BEGIN,3,52012,ÃöA003,0,2011111,5555555,90,10:10:10,0,268435457,14.600000,87.600000,250,2,2,4,2721575.670000,10685533.330000,60,0,0,0,º½Ïò½Ç,0,0,00001111111111111123,40100,0,0,0,,END&
#BEGIN,3,52012,ÃöA001,0,2011111,5555555,90,10:10:10,0,268435457,17.000000,102.000000,250,2,2,4,2721645.830000,10685549.330000,60,0,0,0,º½Ïò½Ç,0,0,00001111111111111123,40100,0,0,0,,END&
#BEGIN,3,52012,ÃöA003,0,2011111,5555555,90,10:10:10,0,268435457,14.800000,88.800000,250,2,2,4,2721575.500000,10685532.670000,60,0,0,0,º½Ïò½Ç,0,0,00001111111111111123,40100,0,0,0,,END&
#BEGIN,3,52012,ÃöA001,0,2011111,5555555,90,10:10:10,0,268435457,17.200000,103.200000,250,2,2,4,2721644.830000,10685550.670000,60,0,0,0,º½Ïò½Ç,0,0,00001111111111111123,40100,0,0,0,,END&
#BEGIN,3,52012,ÃöA003,0,2011111,5555555,90,10:10:10,0,268435457,15.000000,90.000000,250,2,2,4,2721575.330000,10685531.830000,60,0,0,0,º½Ïò½Ç,0,0,00001111111111111123,40100,0,0,0,,END&
#BEGIN,3,52012,ÃöA001,0,2011111,5555555,90,10:10:10,0,268435457,17.400000,104.400000,250,2,2,4,2721643.830000,10685551.830000,60,0,0,0,º½Ïò½Ç,0,0,00001111111111111123,40100,0,0,0,,END&
#BEGIN,3,52012,ÃöA003,0,2011111,5555555,90,10:10:10,0,268435457,15.200000,91.200000,250,2,2,4,2721575.170000,10685531.170000,60,0,0,0,º½Ïò½Ç,0,0,00001111111111111123,40100,0,0,0,,END&
#BEGIN,3,52012,ÃöA001,0,2011111,5555555,90,10:10:10,0,268435457,17.600000,105.600000,250,2,2,4,2721642.830000,10685553.170000,60,0,0,0,º½Ïò½Ç,0,0,00001111111111111123,40100,0,0,0,,END&
#BEGIN,3,52012,ÃöA003,0,2011111,5555555,90,10:10:10,0,268435457,15.400000,92.400000,250,2,2,4,2721574.830000,10685530.500000,60,0,0,0,º½Ïò½Ç,0,0,00001111111111111123,40100,0,0,0,,END&
#BEGIN,3,52012,ÃöA001,0,2011111,5555555,90,10:10:10,0,268435457,17.800000,106.800000,250,2,2,4,2721641.830000,10685554.330000,60,0,0,0,º½Ïò½Ç,0,0,00001111111111111123,40100,0,0,0,,END&
#BEGIN,3,52012,ÃöA003,0,2011111,5555555,90,10:10:10,0,268435457,15.600000,93.600000,250,2,2,4,2721574.500000,10685529.670000,60,0,0,0,º½Ïò½Ç,0,0,00001111111111111123,40100,0,0,0,,END&
#BEGIN,3,52012,ÃöA001,0,2011111,5555555,90,10:10:10,0,268435457,18.000000,108.000000,250,2,2,4,2721641.000000,10685555.500000,60,0,0,0,º½Ïò½Ç,0,0,00001111111111111123,40100,0,0,0,,END&
#BEGIN,3,52012,ÃöA003,0,2011111,5555555,90,10:10:10,0,268435457,15.800000,94.800000,250,2,2,4,2721574.170000,10685529.000000,60,0,0,0,º½Ïò½Ç,0,0,00001111111111111123,40100,0,0,0,,END&
#BEGIN,3,52012,ÃöA001,0,2011111,5555555,90,10:10:10,0,268435457,18.200000,109.200000,250,2,2,4,2721640.170000,10685556.830000,60,0,0,0,º½Ïò½Ç,0,0,00001111111111111123,40100,0,0,0,,END&
#BEGIN,3,52012,ÃöA003,0,2011111,5555555,90,10:10:10,0,268435457,16.000000,96.000000,250,2,2,4,2721573.500000,10685528.170000,60,0,0,0,º½Ïò½Ç,0,0,00001111111111111123,40100,0,0,0,,END&
#BEGIN,3,52012,ÃöA001,0,2011111,5555555,90,10:10:10,0,268435457,18.400000,110.400000,250,2,2,4,2721639.330000,10685558.000000,60,0,0,0,º½Ïò½Ç,0,0,00001111111111111123,40100,0,0,0,,END&
#BEGIN,3,52012,ÃöA003,0,2011111,5555555,90,10:10:10,0,268435457,16.200000,97.200000,250,2,2,4,2721573.000000,10685527.330000,60,0,0,0,º½Ïò½Ç,0,0,00001111111111111123,40100,0,0,0,,END&
#BEGIN,3,52012,ÃöA001,0,2011111,5555555,90,10:10:10,0,268435457,18.600000,111.600000,250,2,2,4,2721638.500000,10685559.330000,60,0,0,0,º½Ïò½Ç,0,0,00001111111111111123,40100,0,0,0,,END&
#BEGIN,3,52012,ÃöA003,0,2011111,5555555,90,10:10:10,0,268435457,16.400000,98.400000,250,2,2,4,2721572.330000,10685526.670000,60,0,0,0,º½Ïò½Ç,0,0,00001111111111111123,40100,0,0,0,,END&
#BEGIN,3,52012,ÃöA001,0,2011111,5555555,90,10:10:10,0,268435457,18.800000,112.800000,250,2,2,4,2721637.830000,10685560.670000,60,0,0,0,º½Ïò½Ç,0,0,00001111111111111123,40100,0,0,0,,END&
#BEGIN,3,52012,ÃöA003,0,2011111,5555555,90,10:10:10,0,268435457,16.600000,99.600000,250,2,2,4,2721571.670000,10685526.000000,60,0,0,0,º½Ïò½Ç,0,0,00001111111111111123,40100,0,0,0,,END&
#BEGIN,3,52012,ÃöA001,0,2011111,5555555,90,10:10:10,0,268435457,19.000000,114.000000,250,2,2,4,2721637.000000,10685562.000000,60,0,0,0,º½Ïò½Ç,0,0,00001111111111111123,40100,0,0,0,,END&
#BEGIN,3,52012,ÃöA003,0,2011111,5555555,90,10:10:10,0,268435457,16.800000,100.800000,250,2,2,4,2721571.170000,10685525.330000,60,0,0,0,º½Ïò½Ç,0,0,00001111111111111123,40100,0,0,0,,END&
#BEGIN,3,52012,ÃöA001,0,2011111,5555555,90,10:10:10,0,268435457,19.200000,115.200000,250,2,2,4,2721636.330000,10685563.330000,60,0,0,0,º½Ïò½Ç,0,0,00001111111111111123,40100,0,0,0,,END&
#BEGIN,3,52012,ÃöA003,0,2011111,5555555,90,10:10:10,0,268435457,17.000000,102.000000,250,2,2,4,2721570.500000,10685524.830000,60,0,0,0,º½Ïò½Ç,0,0,00001111111111111123,40100,0,0,0,,END&
#BEGIN,3,52012,ÃöA001,0,2011111,5555555,90,10:10:10,0,268435457,19.400000,116.400000,250,2,2,4,2721635.670000,10685564.500000,60,0,0,0,º½Ïò½Ç,0,0,00001111111111111123,40100,0,0,0,,END&
#BEGIN,3,52012,ÃöA003,0,2011111,5555555,90,10:10:10,0,268435457,17.200000,103.200000,250,2,2,4,2721570.000000,10685524.330000,60,0,0,0,º½Ïò½Ç,0,0,00001111111111111123,40100,0,0,0,,END&
#BEGIN,3,52012,ÃöA001,0,2011111,5555555,90,10:10:10,0,268435457,19.600000,117.600000,250,2,2,4,2721635.000000,10685565.670000,60,0,0,0,º½Ïò½Ç,0,0,00001111111111111123,40100,0,0,0,,END&
#BEGIN,3,52012,ÃöA003,0,2011111,5555555,90,10:10:10,0,268435457,17.400000,104.400000,250,2,2,4,2721569.330000,10685524.000000,60,0,0,0,º½Ïò½Ç,0,0,00001111111111111123,40100,0,0,0,,END&
#BEGIN,3,52012,ÃöA001,0,2011111,5555555,90,10:10:10,0,268435457,19.800000,118.800000,250,2,2,4,2721634.330000,10685566.830000,60,0,0,0,º½Ïò½Ç,0,0,00001111111111111123,40100,0,0,0,,END&
#BEGIN,3,52012,ÃöA003,0,2011111,5555555,90,10:10:10,0,268435457,17.600000,105.600000,250,2,2,4,2721568.670000,10685523.500000,60,0,0,0,º½Ïò½Ç,0,0,00001111111111111123,40100,0,0,0,,END&
#BEGIN,3,52012,ÃöA001,0,2011111,5555555,90,10:10:10,0,268435457,20.000000,120.000000,250,2,2,4,2721633.670000,10685568.000000,60,0,0,0,º½Ïò½Ç,0,0,00001111111111111123,40100,0,0,0,,END&
#BEGIN,3,52012,ÃöA003,0,2011111,5555555,90,10:10:10,0,268435457,17.800000,106.800000,250,2,2,4,2721568.000000,10685523.170000,60,0,0,0,º½Ïò½Ç,0,0,00001111111111111123,40100,0,0,0,,END&
#BEGIN,3,52012,ÃöA001,0,2011111,5555555,90,10:10:10,0,268435457,20.200000,121.200000,250,2,2,4,2721633.000000,10685569.170000,60,0,0,0,º½Ïò½Ç,0,0,00001111111111111123,40100,0,0,0,,END&
#BEGIN,3,52012,ÃöA003,0,2011111,5555555,90,10:10:10,0,268435457,18.000000,108.000000,250,2,2,4,2721567.170000,10685522.830000,60,0,0,0,º½Ïò½Ç,0,0,00001111111111111123,40100,0,0,0,,END&
#BEGIN,3,52012,ÃöA001,0,2011111,5555555,90,10:10:10,0,268435457,20.400000,122.400000,250,2,2,4,2721632.500000,10685570.330000,60,0,0,0,º½Ïò½Ç,0,0,00001111111111111123,40100,0,0,0,,END&
#BEGIN,3,52012,ÃöA003,0,2011111,5555555,90,10:10:10,0,268435457,18.200000,109.200000,250,2,2,4,2721566.330000,10685522.330000,60,0,0,0,º½Ïò½Ç,0,0,00001111111111111123,40100,0,0,0,,END&
#BEGIN,3,52012,ÃöA001,0,2011111,5555555,90,10:10:10,0,268435457,20.600000,123.600000,250,2,2,4,2721631.830000,10685571.500000,60,0,0,0,º½Ïò½Ç,0,0,00001111111111111123,40100,0,0,0,,END&
#BEGIN,3,52012,ÃöA003,0,2011111,5555555,90,10:10:10,0,268435457,18.400000,110.400000,250,2,2,4,2721565.330000,10685522.000000,60,0,0,0,º½Ïò½Ç,0,0,00001111111111111123,40100,0,0,0,,END&
#BEGIN,3,52012,ÃöA001,0,2011111,5555555,90,10:10:10,0,268435457,20.800000,124.800000,250,2,2,4,2721631.170000,10685572.500000,60,0,0,0,º½Ïò½Ç,0,0,00001111111111111123,40100,0,0,0,,END&
#BEGIN,3,52012,ÃöA003,0,2011111,5555555,90,10:10:10,0,268435457,18.600000,111.600000,250,2,2,4,2721564.500000,10685521.830000,60,0,0,0,º½Ïò½Ç,0,0,00001111111111111123,40100,0,0,0,,END&
#BEGIN,3,52012,ÃöA001,0,2011111,5555555,90,10:10:10,0,268435457,21.000000,126.000000,250,2,2,4,2721630.670000,10685573.500000,60,0,0,0,º½Ïò½Ç,0,0,00001111111111111123,40100,0,0,0,,END&
#BEGIN,3,52012,ÃöA003,0,2011111,5555555,90,10:10:10,0,268435457,18.800000,112.800000,250,2,2,4,2721563.670000,10685521.670000,60,0,0,0,º½Ïò½Ç,0,0,00001111111111111123,40100,0,0,0,,END&
#BEGIN,3,52012,ÃöA001,0,2011111,5555555,90,10:10:10,0,268435457,21.200000,127.200000,250,2,2,4,2721630.000000,10685574.500000,60,0,0,0,º½Ïò½Ç,0,0,00001111111111111123,40100,0,0,0,,END&
#BEGIN,3,52012,ÃöA003,0,2011111,5555555,90,10:10:10,0,268435457,19.000000,114.000000,250,2,2,4,2721562.830000,10685521.500000,60,0,0,0,º½Ïò½Ç,0,0,00001111111111111123,40100,0,0,0,,END&
#BEGIN,3,52012,ÃöA001,0,2011111,5555555,90,10:10:10,0,268435457,21.400000,128.400000,250,2,2,4,2721629.330000,10685575.500000,60,0,0,0,º½Ïò½Ç,0,0,00001111111111111123,40100,0,0,0,,END&
#BEGIN,3,52012,ÃöA003,0,2011111,5555555,90,10:10:10,0,268435457,19.200000,115.200000,250,2,2,4,2721562.170000,10685521.330000,60,0,0,0,º½Ïò½Ç,0,0,00001111111111111123,40100,0,0,0,,END&
#BEGIN,3,52012,ÃöA001,0,2011111,5555555,90,10:10:10,0,268435457,21.600000,129.600000,250,2,2,4,2721628.670000,10685576.330000,60,0,0,0,º½Ïò½Ç,0,0,00001111111111111123,40100,0,0,0,,END&
#BEGIN,3,52012,ÃöA003,0,2011111,5555555,90,10:10:10,0,268435457,19.400000,116.400000,250,2,2,4,2721561.500000,10685521.330000,60,0,0,0,º½Ïò½Ç,0,0,00001111111111111123,40100,0,0,0,,END&
#BEGIN,3,52012,ÃöA001,0,2011111,5555555,90,10:10:10,0,268435457,21.800000,130.800000,250,2,2,4,2721628.170000,10685577.330000,60,0,0,0,º½Ïò½Ç,0,0,00001111111111111123,40100,0,0,0,,END&
#BEGIN,3,52012,ÃöA003,0,2011111,5555555,90,10:10:10,0,268435457,19.600000,117.600000,250,2,2,4,2721560.830000,10685521.500000,60,0,0,0,º½Ïò½Ç,0,0,00001111111111111123,40100,0,0,0,,END&
#BEGIN,3,52012,ÃöA001,0,2011111,5555555,90,10:10:10,0,268435457,22.000000,132.000000,250,2,2,4,2721627.330000,10685578.330000,60,0,0,0,º½Ïò½Ç,0,0,00001111111111111123,40100,0,0,0,,END&
#BEGIN,3,52012,ÃöA003,0,2011111,5555555,90,10:10:10,0,268435457,19.800000,118.800000,250,2,2,4,2721560.330000,10685521.500000,60,0,0,0,º½Ïò½Ç,0,0,00001111111111111123,40100,0,0,0,,END&
#BEGIN,3,52012,ÃöA001,0,2011111,5555555,90,10:10:10,0,268435457,22.200000,133.200000,250,2,2,4,2721626.670000,10685579.330000,60,0,0,0,º½Ïò½Ç,0,0,00001111111111111123,40100,0,0,0,,END&
#BEGIN,3,52012,ÃöA003,0,2011111,5555555,90,10:10:10,0,268435457,20.000000,120.000000,250,2,2,4,2721559.670000,10685521.670000,60,0,0,0,º½Ïò½Ç,0,0,00001111111111111123,40100,0,0,0,,END&
#BEGIN,3,52012,ÃöA001,0,2011111,5555555,90,10:10:10,0,268435457,22.400000,134.400000,250,2,2,4,2721626.000000,10685580.330000,60,0,0,0,º½Ïò½Ç,0,0,00001111111111111123,40100,0,0,0,,END&
#BEGIN,3,52012,ÃöA003,0,2011111,5555555,90,10:10:10,0,268435457,20.200000,121.200000,250,2,2,4,2721559.170000,10685521.830000,60,0,0,0,º½Ïò½Ç,0,0,00001111111111111123,40100,0,0,0,,END&
#BEGIN,3,52012,ÃöA001,0,2011111,5555555,90,10:10:10,0,268435457,22.600000,135.600000,250,2,2,4,2721625.170000,10685581.330000,60,0,0,0,º½Ïò½Ç,0,0,00001111111111111123,40100,0,0,0,,END&
#BEGIN,3,52012,ÃöA003,0,2011111,5555555,90,10:10:10,0,268435457,20.400000,122.400000,250,2,2,4,2721558.500000,10685522.000000,60,0,0,0,º½Ïò½Ç,0,0,00001111111111111123,40100,0,0,0,,END&
#BEGIN,3,52012,ÃöA001,0,2011111,5555555,90,10:10:10,0,268435457,22.800000,136.800000,250,2,2,4,2721624.500000,10685582.330000,60,0,0,0,º½Ïò½Ç,0,0,00001111111111111123,40100,0,0,0,,END&
#BEGIN,3,52012,ÃöA003,0,2011111,5555555,90,10:10:10,0,268435457,20.600000,123.600000,250,2,2,4,2721557.830000,10685522.170000,60,0,0,0,º½Ïò½Ç,0,0,00001111111111111123,40100,0,0,0,,END&
#BEGIN,3,52012,ÃöA001,0,2011111,5555555,90,10:10:10,0,268435457,23.000000,138.000000,250,2,2,4,2721623.670000,10685583.330000,60,0,0,0,º½Ïò½Ç,0,0,00001111111111111123,40100,0,0,0,,END&
#BEGIN,3,52012,ÃöA003,0,2011111,5555555,90,10:10:10,0,268435457,20.800000,124.800000,250,2,2,4,2721557.170000,10685522.330000,60,0,0,0,º½Ïò½Ç,0,0,00001111111111111123,40100,0,0,0,,END&
#BEGIN,3,52012,ÃöA001,0,2011111,5555555,90,10:10:10,0,268435457,23.200000,139.200000,250,2,2,4,2721623.000000,10685584.330000,60,0,0,0,º½Ïò½Ç,0,0,00001111111111111123,40100,0,0,0,,END&
#BEGIN,3,52012,ÃöA003,0,2011111,5555555,90,10:10:10,0,268435457,21.000000,126.000000,250,2,2,4,2721556.670000,10685522.500000,60,0,0,0,º½Ïò½Ç,0,0,00001111111111111123,40100,0,0,0,,END&
#BEGIN,3,52012,ÃöA001,0,2011111,5555555,90,10:10:10,0,268435457,23.400000,140.400000,250,2,2,4,2721622.170000,10685585.330000,60,0,0,0,º½Ïò½Ç,0,0,00001111111111111123,40100,0,0,0,,END&
#BEGIN,3,52012,ÃöA003,0,2011111,5555555,90,10:10:10,0,268435457,21.200000,127.200000,250,2,2,4,2721556.000000,10685522.670000,60,0,0,0,º½Ïò½Ç,0,0,00001111111111111123,40100,0,0,0,,END&
#BEGIN,3,52012,ÃöA001,0,2011111,5555555,90,10:10:10,0,268435457,23.600000,141.600000,250,2,2,4,2721621.330000,10685586.170000,60,0,0,0,º½Ïò½Ç,0,0,00001111111111111123,40100,0,0,0,,END&
#BEGIN,3,52012,ÃöA003,0,2011111,5555555,90,10:10:10,0,268435457,21.400000,128.400000,250,2,2,4,2721555.330000,10685522.830000,60,0,0,0,º½Ïò½Ç,0,0,00001111111111111123,40100,0,0,0,,END&
#BEGIN,3,52012,ÃöA001,0,2011111,5555555,90,10:10:10,0,268435457,23.800000,142.800000,250,2,2,4,2721620.670000,10685587.000000,60,0,0,0,º½Ïò½Ç,0,0,00001111111111111123,40100,0,0,0,,END&
#BEGIN,3,52012,ÃöA003,0,2011111,5555555,90,10:10:10,0,268435457,21.600000,129.600000,250,2,2,4,2721554.500000,10685523.000000,60,0,0,0,º½Ïò½Ç,0,0,00001111111111111123,40100,0,0,0,,END&
#BEGIN,3,52012,ÃöA001,0,2011111,5555555,90,10:10:10,0,268435457,24.000000,144.000000,250,2,2,4,2721620.000000,10685587.830000,60,0,0,0,º½Ïò½Ç,0,0,00001111111111111123,40100,0,0,0,,END&
#BEGIN,3,52012,ÃöA003,0,2011111,5555555,90,10:10:10,0,268435457,21.800000,130.800000,250,2,2,4,2721553.830000,10685523.000000,60,0,0,0,º½Ïò½Ç,0,0,00001111111111111123,40100,0,0,0,,END&
#BEGIN,3,52012,ÃöA001,0,2011111,5555555,90,10:10:10,0,268435457,24.200000,145.200000,250,2,2,4,2721619.330000,10685588.500000,60,0,0,0,º½Ïò½Ç,0,0,00001111111111111123,40100,0,0,0,,END&
#BEGIN,3,52012,ÃöA003,0,2011111,5555555,90,10:10:10,0,268435457,22.000000,132.000000,250,2,2,4,2721553.000000,10685523.170000,60,0,0,0,º½Ïò½Ç,0,0,00001111111111111123,40100,0,0,0,,END&
#BEGIN,3,52012,ÃöA001,0,2011111,5555555,90,10:10:10,0,268435457,24.400000,146.400000,250,2,2,4,2721618.830000,10685589.170000,60,0,0,0,º½Ïò½Ç,0,0,00001111111111111123,40100,0,0,0,,END&
#BEGIN,3,52012,ÃöA003,0,2011111,5555555,90,10:10:10,0,268435457,22.200000,133.200000,250,2,2,4,2721552.170000,10685523.170000,60,0,0,0,º½Ïò½Ç,0,0,00001111111111111123,40100,0,0,0,,END&
#BEGIN,3,52012,ÃöA001,0,2011111,5555555,90,10:10:10,0,268435457,24.600000,147.600000,250,2,2,4,2721618.170000,10685589.830000,60,0,0,0,º½Ïò½Ç,0,0,00001111111111111123,40100,0,0,0,,END&
#BEGIN,3,52012,ÃöA003,0,2011111,5555555,90,10:10:10,0,268435457,22.400000,134.400000,250,2,2,4,2721551.330000,10685523.170000,60,0,0,0,º½Ïò½Ç,0,0,00001111111111111123,40100,0,0,0,,END&
#BEGIN,3,52012,ÃöA001,0,2011111,5555555,90,10:10:10,0,268435457,24.800000,148.800000,250,2,2,4,2721617.670000,10685590.500000,60,0,0,0,º½Ïò½Ç,0,0,00001111111111111123,40100,0,0,0,,END&
#BEGIN,3,52012,ÃöA003,0,2011111,5555555,90,10:10:10,0,268435457,22.600000,135.600000,250,2,2,4,2721550.500000,10685523.000000,60,0,0,0,º½Ïò½Ç,0,0,00001111111111111123,40100,0,0,0,,END&
#BEGIN,3,52012,ÃöA001,0,2011111,5555555,90,10:10:10,0,268435457,25.000000,150.000000,250,2,2,4,2721617.000000,10685591.170000,60,0,0,0,º½Ïò½Ç,0,0,00001111111111111123,40100,0,0,0,,END&
#BEGIN,3,52012,ÃöA003,0,2011111,5555555,90,10:10:10,0,268435457,22.800000,136.800000,250,2,2,4,2721549.670000,10685523.000000,60,0,0,0,º½Ïò½Ç,0,0,00001111111111111123,40100,0,0,0,,END&
#BEGIN,3,52012,ÃöA001,0,2011111,5555555,90,10:10:10,0,268435457,25.200000,151.200000,250,2,2,4,2721616.500000,10685591.830000,60,0,0,0,º½Ïò½Ç,0,0,00001111111111111123,40100,0,0,0,,END&
#BEGIN,3,52012,ÃöA003,0,2011111,5555555,90,10:10:10,0,268435457,23.000000,138.000000,250,2,2,4,2721548.670000,10685522.830000,60,0,0,0,º½Ïò½Ç,0,0,00001111111111111123,40100,0,0,0,,END&
#BEGIN,3,52012,ÃöA001,0,2011111,5555555,90,10:10:10,0,268435457,25.400000,152.400000,250,2,2,4,2721615.830000,10685592.500000,60,0,0,0,º½Ïò½Ç,0,0,00001111111111111123,40100,0,0,0,,END&
#BEGIN,3,52012,ÃöA003,0,2011111,5555555,90,10:10:10,0,268435457,23.200000,139.200000,250,2,2,4,2721547.830000,10685522.670000,60,0,0,0,º½Ïò½Ç,0,0,00001111111111111123,40100,0,0,0,,END&
#BEGIN,3,52012,ÃöA001,0,2011111,5555555,90,10:10:10,0,268435457,25.600000,153.600000,250,2,2,4,2721615.330000,10685593.170000,60,0,0,0,º½Ïò½Ç,0,0,00001111111111111123,40100,0,0,0,,END&
#BEGIN,3,52012,ÃöA003,0,2011111,5555555,90,10:10:10,0,268435457,23.400000,140.400000,250,2,2,4,2721546.830000,10685522.330000,60,0,0,0,º½Ïò½Ç,0,0,00001111111111111123,40100,0,0,0,,END&
#BEGIN,3,52012,ÃöA001,0,2011111,5555555,90,10:10:10,0,268435457,25.800000,154.800000,250,2,2,4,2721614.670000,10685593.830000,60,0,0,0,º½Ïò½Ç,0,0,00001111111111111123,40100,0,0,0,,END&
#BEGIN,3,52012,ÃöA003,0,2011111,5555555,90,10:10:10,0,268435457,23.600000,141.600000,250,2,2,4,2721546.000000,10685522.170000,60,0,0,0,º½Ïò½Ç,0,0,00001111111111111123,40100,0,0,0,,END&
#BEGIN,3,52012,ÃöA001,0,2011111,5555555,90,10:10:10,0,268435457,26.000000,156.000000,250,2,2,4,2721614.170000,10685594.330000,60,0,0,0,º½Ïò½Ç,0,0,00001111111111111123,40100,0,0,0,,END&
#BEGIN,3,52012,ÃöA003,0,2011111,5555555,90,10:10:10,0,268435457,23.800000,142.800000,250,2,2,4,2721545.000000,10685521.830000,60,0,0,0,º½Ïò½Ç,0,0,00001111111111111123,40100,0,0,0,,END&
#BEGIN,3,52012,ÃöA001,0,2011111,5555555,90,10:10:10,0,268435457,26.200000,157.200000,250,2,2,4,2721613.670000,10685594.830000,60,0,0,0,º½Ïò½Ç,0,0,00001111111111111123,40100,0,0,0,,END&
#BEGIN,3,52012,ÃöA003,0,2011111,5555555,90,10:10:10,0,268435457,24.000000,144.000000,250,2,2,4,2721544.000000,10685521.500000,60,0,0,0,º½Ïò½Ç,0,0,00001111111111111123,40100,0,0,0,,END&
#BEGIN,3,52012,ÃöA001,0,2011111,5555555,90,10:10:10,0,268435457,26.400000,158.400000,250,2,2,4,2721613.170000,10685595.500000,60,0,0,0,º½Ïò½Ç,0,0,00001111111111111123,40100,0,0,0,,END&
#BEGIN,3,52012,ÃöA003,0,2011111,5555555,90,10:10:10,0,268435457,24.200000,145.200000,250,2,2,4,2721543.170000,10685521.170000,60,0,0,0,º½Ïò½Ç,0,0,00001111111111111123,40100,0,0,0,,END&
#BEGIN,3,52012,ÃöA001,0,2011111,5555555,90,10:10:10,0,268435457,26.600000,159.600000,250,2,2,4,2721612.670000,10685596.000000,60,0,0,0,º½Ïò½Ç,0,0,00001111111111111123,40100,0,0,0,,END&
#BEGIN,3,52012,ÃöA003,0,2011111,5555555,90,10:10:10,0,268435457,24.400000,146.400000,250,2,2,4,2721542.170000,10685521.000000,60,0,0,0,º½Ïò½Ç,0,0,00001111111111111123,40100,0,0,0,,END&
#BEGIN,3,52012,ÃöA001,0,2011111,5555555,90,10:10:10,0,268435457,26.800000,160.800000,250,2,2,4,2721612.170000,10685596.670000,60,0,0,0,º½Ïò½Ç,0,0,00001111111111111123,40100,0,0,0,,END&
#BEGIN,3,52012,ÃöA003,0,2011111,5555555,90,10:10:10,0,268435457,24.600000,147.600000,250,2,2,4,2721541.330000,10685520.670000,60,0,0,0,º½Ïò½Ç,0,0,00001111111111111123,40100,0,0,0,,END&
#BEGIN,3,52012,ÃöA001,0,2011111,5555555,90,10:10:10,0,268435457,27.000000,162.000000,250,2,2,4,2721611.670000,10685597.330000,60,0,0,0,º½Ïò½Ç,0,0,00001111111111111123,40100,0,0,0,,END&
#BEGIN,3,52012,ÃöA003,0,2011111,5555555,90,10:10:10,0,268435457,24.800000,148.800000,250,2,2,4,2721540.500000,10685520.500000,60,0,0,0,º½Ïò½Ç,0,0,00001111111111111123,40100,0,0,0,,END&
#BEGIN,3,52012,ÃöA001,0,2011111,5555555,90,10:10:10,0,268435457,27.200000,163.200000,250,2,2,4,2721611.000000,10685598.000000,60,0,0,0,º½Ïò½Ç,0,0,00001111111111111123,40100,0,0,0,,END&
#BEGIN,3,52012,ÃöA003,0,2011111,5555555,90,10:10:10,0,268435457,25.000000,150.000000,250,2,2,4,2721539.830000,10685520.170000,60,0,0,0,º½Ïò½Ç,0,0,00001111111111111123,40100,0,0,0,,END&
#BEGIN,3,52012,ÃöA001,0,2011111,5555555,90,10:10:10,0,268435457,27.400000,164.400000,250,2,2,4,2721610.500000,10685598.670000,60,0,0,0,º½Ïò½Ç,0,0,00001111111111111123,40100,0,0,0,,END&
#BEGIN,3,52012,ÃöA003,0,2011111,5555555,90,10:10:10,0,268435457,25.200000,151.200000,250,2,2,4,2721539.000000,10685520.000000,60,0,0,0,º½Ïò½Ç,0,0,00001111111111111123,40100,0,0,0,,END&
#BEGIN,3,52012,ÃöA001,0,2011111,5555555,90,10:10:10,0,268435457,27.600000,165.600000,250,2,2,4,2721610.000000,10685599.500000,60,0,0,0,º½Ïò½Ç,0,0,00001111111111111123,40100,0,0,0,,END&
#BEGIN,3,52012,ÃöA003,0,2011111,5555555,90,10:10:10,0,268435457,25.400000,152.400000,250,2,2,4,2721538.330000,10685519.830000,60,0,0,0,º½Ïò½Ç,0,0,00001111111111111123,40100,0,0,0,,END&
#BEGIN,3,52012,ÃöA001,0,2011111,5555555,90,10:10:10,0,268435457,27.800000,166.800000,250,2,2,4,2721609.500000,10685600.170000,60,0,0,0,º½Ïò½Ç,0,0,00001111111111111123,40100,0,0,0,,END&
#BEGIN,3,52012,ÃöA003,0,2011111,5555555,90,10:10:10,0,268435457,25.600000,153.600000,250,2,2,4,2721537.670000,10685519.670000,60,0,0,0,º½Ïò½Ç,0,0,00001111111111111123,40100,0,0,0,,END&
#BEGIN,3,52012,ÃöA001,0,2011111,5555555,90,10:10:10,0,268435457,28.000000,168.000000,250,2,2,4,2721609.000000,10685600.830000,60,0,0,0,º½Ïò½Ç,0,0,00001111111111111123,40100,0,0,0,,END&
#BEGIN,3,52012,ÃöA003,0,2011111,5555555,90,10:10:10,0,268435457,25.800000,154.800000,250,2,2,4,2721537.170000,10685519.500000,60,0,0,0,º½Ïò½Ç,0,0,00001111111111111123,40100,0,0,0,,END&
#BEGIN,3,52012,ÃöA001,0,2011111,5555555,90,10:10:10,0,268435457,28.200000,169.200000,250,2,2,4,2721608.500000,10685601.500000,60,0,0,0,º½Ïò½Ç,0,0,00001111111111111123,40100,0,0,0,,END&
#BEGIN,3,52012,ÃöA003,0,2011111,5555555,90,10:10:10,0,268435457,26.000000,156.000000,250,2,2,4,2721536.500000,10685519.330000,60,0,0,0,º½Ïò½Ç,0,0,00001111111111111123,40100,0,0,0,,END&
#BEGIN,3,52012,ÃöA001,0,2011111,5555555,90,10:10:10,0,268435457,28.400000,170.400000,250,2,2,4,2721608.000000,10685602.330000,60,0,0,0,º½Ïò½Ç,0,0,00001111111111111123,40100,0,0,0,,END&
#BEGIN,3,52012,ÃöA003,0,2011111,5555555,90,10:10:10,0,268435457,26.200000,157.200000,250,2,2,4,2721535.830000,10685519.330000,60,0,0,0,º½Ïò½Ç,0,0,00001111111111111123,40100,0,0,0,,END&
#BEGIN,3,52012,ÃöA001,0,2011111,5555555,90,10:10:10,0,268435457,28.600000,171.600000,250,2,2,4,2721607.330000,10685603.000000,60,0,0,0,º½Ïò½Ç,0,0,00001111111111111123,40100,0,0,0,,END&
#BEGIN,3,52012,ÃöA003,0,2011111,5555555,90,10:10:10,0,268435457,26.400000,158.400000,250,2,2,4,2721535.170000,10685519.170000,60,0,0,0,º½Ïò½Ç,0,0,00001111111111111123,40100,0,0,0,,END&
#BEGIN,3,52012,ÃöA001,0,2011111,5555555,90,10:10:10,0,268435457,28.800000,172.800000,250,2,2,4,2721606.830000,10685603.830000,60,0,0,0,º½Ïò½Ç,0,0,00001111111111111123,40100,0,0,0,,END&
#BEGIN,3,52012,ÃöA003,0,2011111,5555555,90,10:10:10,0,268435457,26.600000,159.600000,250,2,2,4,2721534.330000,10685519.170000,60,0,0,0,º½Ïò½Ç,0,0,00001111111111111123,40100,0,0,0,,END&
#BEGIN,3,52012,ÃöA001,0,2011111,5555555,90,10:10:10,0,268435457,29.000000,174.000000,250,2,2,4,2721606.330000,10685604.670000,60,0,0,0,º½Ïò½Ç,0,0,00001111111111111123,40100,0,0,0,,END&
#BEGIN,3,52012,ÃöA003,0,2011111,5555555,90,10:10:10,0,268435457,26.800000,160.800000,250,2,2,4,2721533.670000,10685519.170000,60,0,0,0,º½Ïò½Ç,0,0,00001111111111111123,40100,0,0,0,,END&
#BEGIN,3,52012,ÃöA001,0,2011111,5555555,90,10:10:10,0,268435457,29.200000,175.200000,250,2,2,4,2721605.670000,10685605.330000,60,0,0,0,º½Ïò½Ç,0,0,00001111111111111123,40100,0,0,0,,END&
#BEGIN,3,52012,ÃöA003,0,2011111,5555555,90,10:10:10,0,268435457,27.000000,162.000000,250,2,2,4,2721532.830000,10685519.330000,60,0,0,0,º½Ïò½Ç,0,0,00001111111111111123,40100,0,0,0,,END&
#BEGIN,3,52012,ÃöA001,0,2011111,5555555,90,10:10:10,0,268435457,29.400000,176.400000,250,2,2,4,2721605.170000,10685606.170000,60,0,0,0,º½Ïò½Ç,0,0,00001111111111111123,40100,0,0,0,,END&
#BEGIN,3,52012,ÃöA003,0,2011111,5555555,90,10:10:10,0,268435457,27.200000,163.200000,250,2,2,4,2721532.170000,10685519.500000,60,0,0,0,º½Ïò½Ç,0,0,00001111111111111123,40100,0,0,0,,END&
#BEGIN,3,52012,ÃöA001,0,2011111,5555555,90,10:10:10,0,268435457,29.600000,177.600000,250,2,2,4,2721604.670000,10685607.000000,60,0,0,0,º½Ïò½Ç,0,0,00001111111111111123,40100,0,0,0,,END&
#BEGIN,3,52012,ÃöA003,0,2011111,5555555,90,10:10:10,0,268435457,27.400000,164.400000,250,2,2,4,2721531.500000,10685519.670000,60,0,0,0,º½Ïò½Ç,0,0,00001111111111111123,40100,0,0,0,,END&
#BEGIN,3,52012,ÃöA001,0,2011111,5555555,90,10:10:10,0,268435457,29.800000,178.800000,250,2,2,4,2721604.170000,10685607.670000,60,0,0,0,º½Ïò½Ç,0,0,00001111111111111123,40100,0,0,0,,END&
#BEGIN,3,52012,ÃöA003,0,2011111,5555555,90,10:10:10,0,268435457,27.600000,165.600000,250,2,2,4,2721530.830000,10685519.830000,60,0,0,0,º½Ïò½Ç,0,0,00001111111111111123,40100,0,0,0,,END&
#BEGIN,3,52012,ÃöA001,0,2011111,5555555,90,10:10:10,0,268435457,30.000000,180.000000,250,2,2,4,2721603.670000,10685608.330000,60,0,0,0,º½Ïò½Ç,0,0,00001111111111111123,40100,0,0,0,,END&
#BEGIN,3,52012,ÃöA003,0,2011111,5555555,90,10:10:10,0,268435457,27.800000,166.800000,250,2,2,4,2721530.170000,10685520.170000,60,0,0,0,º½Ïò½Ç,0,0,00001111111111111123,40100,0,0,0,,END&
#BEGIN,3,52012,ÃöA001,0,2011111,5555555,90,10:10:10,0,268435457,30.200000,181.200000,250,2,2,4,2721603.170000,10685609.000000,60,0,0,0,º½Ïò½Ç,0,0,00001111111111111123,40100,0,0,0,,END&
#BEGIN,3,52012,ÃöA003,0,2011111,5555555,90,10:10:10,0,268435457,28.000000,168.000000,250,2,2,4,2721529.670000,10685520.500000,60,0,0,0,º½Ïò½Ç,0,0,00001111111111111123,40100,0,0,0,,END&
#BEGIN,3,52012,ÃöA001,0,2011111,5555555,90,10:10:10,0,268435457,30.400000,182.400000,250,2,2,4,2721602.830000,10685609.500000,60,0,0,0,º½Ïò½Ç,0,0,00001111111111111123,40100,0,0,0,,END&
#BEGIN,3,52012,ÃöA003,0,2011111,5555555,90,10:10:10,0,268435457,28.200000,169.200000,250,2,2,4,2721529.170000,10685521.000000,60,0,0,0,º½Ïò½Ç,0,0,00001111111111111123,40100,0,0,0,,END&
#BEGIN,3,52012,ÃöA001,0,2011111,5555555,90,10:10:10,0,268435457,30.600000,183.600000,250,2,2,4,2721602.330000,10685610.000000,60,0,0,0,º½Ïò½Ç,0,0,00001111111111111123,40100,0,0,0,,END&
#BEGIN,3,52012,ÃöA003,0,2011111,5555555,90,10:10:10,0,268435457,28.400000,170.400000,250,2,2,4,2721528.670000,10685521.330000,60,0,0,0,º½Ïò½Ç,0,0,00001111111111111123,40100,0,0,0,,END&
#BEGIN,3,52012,ÃöA001,0,2011111,5555555,90,10:10:10,0,268435457,30.800000,184.800000,250,2,2,4,2721601.830000,10685610.330000,60,0,0,0,º½Ïò½Ç,0,0,00001111111111111123,40100,0,0,0,,END&
#BEGIN,3,52012,ÃöA003,0,2011111,5555555,90,10:10:10,0,268435457,28.600000,171.600000,250,2,2,4,2721528.170000,10685521.830000,60,0,0,0,º½Ïò½Ç,0,0,00001111111111111123,40100,0,0,0,,END&
#BEGIN,3,52012,ÃöA001,0,2011111,5555555,90,10:10:10,0,268435457,31.000000,186.000000,250,2,2,4,2721601.330000,10685610.830000,60,0,0,0,º½Ïò½Ç,0,0,00001111111111111123,40100,0,0,0,,END&
#BEGIN,3,52012,ÃöA003,0,2011111,5555555,90,10:10:10,0,268435457,28.800000,172.800000,250,2,2,4,2721527.830000,10685522.330000,60,0,0,0,º½Ïò½Ç,0,0,00001111111111111123,40100,0,0,0,,END&
#BEGIN,3,52012,ÃöA001,0,2011111,5555555,90,10:10:10,0,268435457,31.200000,187.200000,250,2,2,4,2721600.670000,10685611.170000,60,0,0,0,º½Ïò½Ç,0,0,00001111111111111123,40100,0,0,0,,END&
#BEGIN,3,52012,ÃöA003,0,2011111,5555555,90,10:10:10,0,268435457,29.000000,174.000000,250,2,2,4,2721527.500000,10685522.830000,60,0,0,0,º½Ïò½Ç,0,0,00001111111111111123,40100,0,0,0,,END&
#BEGIN,3,52012,ÃöA001,0,2011111,5555555,90,10:10:10,0,268435457,31.400000,188.400000,250,2,2,4,2721600.170000,10685611.500000,60,0,0,0,º½Ïò½Ç,0,0,00001111111111111123,40100,0,0,0,,END&
#BEGIN,3,52012,ÃöA003,0,2011111,5555555,90,10:10:10,0,268435457,29.200000,175.200000,250,2,2,4,2721527.000000,10685523.330000,60,0,0,0,º½Ïò½Ç,0,0,00001111111111111123,40100,0,0,0,,END&
#BEGIN,3,52012,ÃöA001,0,2011111,5555555,90,10:10:10,0,268435457,31.600000,189.600000,250,2,2,4,2721599.330000,10685611.830000,60,0,0,0,º½Ïò½Ç,0,0,00001111111111111123,40100,0,0,0,,END&
#BEGIN,3,52012,ÃöA003,0,2011111,5555555,90,10:10:10,0,268435457,29.400000,176.400000,250,2,2,4,2721526.670000,10685524.000000,60,0,0,0,º½Ïò½Ç,0,0,00001111111111111123,40100,0,0,0,,END&
#BEGIN,3,52012,ÃöA001,0,2011111,5555555,90,10:10:10,0,268435457,31.800000,190.800000,250,2,2,4,2721598.830000,10685612.000000,60,0,0,0,º½Ïò½Ç,0,0,00001111111111111123,40100,0,0,0,,END&
#BEGIN,3,52012,ÃöA003,0,2011111,5555555,90,10:10:10,0,268435457,29.600000,177.600000,250,2,2,4,2721526.330000,10685524.670000,60,0,0,0,º½Ïò½Ç,0,0,00001111111111111123,40100,0,0,0,,END&
#BEGIN,3,52012,ÃöA001,0,2011111,5555555,90,10:10:10,0,268435457,32.000000,192.000000,250,2,2,4,2721598.170000,10685612.000000,60,0,0,0,º½Ïò½Ç,0,0,00001111111111111123,40100,0,0,0,,END&
#BEGIN,3,52012,ÃöA003,0,2011111,5555555,90,10:10:10,0,268435457,29.800000,178.800000,250,2,2,4,2721526.000000,10685525.330000,60,0,0,0,º½Ïò½Ç,0,0,00001111111111111123,40100,0,0,0,,END&
#BEGIN,3,52012,ÃöA001,0,2011111,5555555,90,10:10:10,0,268435457,32.200000,193.200000,250,2,2,4,2721597.670000,10685612.000000,60,0,0,0,º½Ïò½Ç,0,0,00001111111111111123,40100,0,0,0,,END&
#BEGIN,3,52012,ÃöA003,0,2011111,5555555,90,10:10:10,0,268435457,30.000000,180.000000,250,2,2,4,2721525.830000,10685526.000000,60,0,0,0,º½Ïò½Ç,0,0,00001111111111111123,40100,0,0,0,,END&
#BEGIN,3,52012,ÃöA001,0,2011111,5555555,90,10:10:10,0,268435457,32.400000,194.400000,250,2,2,4,2721597.170000,10685612.000000,60,0,0,0,º½Ïò½Ç,0,0,00001111111111111123,40100,0,0,0,,END&
#BEGIN,3,52012,ÃöA003,0,2011111,5555555,90,10:10:10,0,268435457,30.200000,181.200000,250,2,2,4,2721525.500000,10685526.830000,60,0,0,0,º½Ïò½Ç,0,0,00001111111111111123,40100,0,0,0,,END&
#BEGIN,3,52012,ÃöA001,0,2011111,5555555,90,10:10:10,0,268435457,32.600000,195.600000,250,2,2,4,2721596.830000,10685611.830000,60,0,0,0,º½Ïò½Ç,0,0,00001111111111111123,40100,0,0,0,,END&
#BEGIN,3,52012,ÃöA003,0,2011111,5555555,90,10:10:10,0,268435457,30.400000,182.400000,250,2,2,4,2721525.330000,10685527.670000,60,0,0,0,º½Ïò½Ç,0,0,00001111111111111123,40100,0,0,0,,END&
#BEGIN,3,52012,ÃöA001,0,2011111,5555555,90,10:10:10,0,268435457,32.800000,196.800000,250,2,2,4,2721596.330000,10685611.500000,60,0,0,0,º½Ïò½Ç,0,0,00001111111111111123,40100,0,0,0,,END&
#BEGIN,3,52012,ÃöA003,0,2011111,5555555,90,10:10:10,0,268435457,30.600000,183.600000,250,2,2,4,2721525.170000,10685528.500000,60,0,0,0,º½Ïò½Ç,0,0,00001111111111111123,40100,0,0,0,,END&
#BEGIN,3,52012,ÃöA001,0,2011111,5555555,90,10:10:10,0,268435457,33.000000,198.000000,250,2,2,4,2721596.000000,10685611.170000,60,0,0,0,º½Ïò½Ç,0,0,00001111111111111123,40100,0,0,0,,END&
#BEGIN,3,52012,ÃöA003,0,2011111,5555555,90,10:10:10,0,268435457,30.800000,184.800000,250,2,2,4,2721525.000000,10685529.500000,60,0,0,0,º½Ïò½Ç,0,0,00001111111111111123,40100,0,0,0,,END&
#BEGIN,3,52012,ÃöA001,0,2011111,5555555,90,10:10:10,0,268435457,33.200000,199.200000,250,2,2,4,2721595.500000,10685610.830000,60,0,0,0,º½Ïò½Ç,0,0,00001111111111111123,40100,0,0,0,,END&
#BEGIN,3,52012,ÃöA003,0,2011111,5555555,90,10:10:10,0,268435457,31.000000,186.000000,250,2,2,4,2721524.830000,10685530.330000,60,0,0,0,º½Ïò½Ç,0,0,00001111111111111123,40100,0,0,0,,END&
#BEGIN,3,52012,ÃöA001,0,2011111,5555555,90,10:10:10,0,268435457,33.400000,200.400000,250,2,2,4,2721595.000000,10685610.330000,60,0,0,0,º½Ïò½Ç,0,0,00001111111111111123,40100,0,0,0,,END&
#BEGIN,3,52012,ÃöA003,0,2011111,5555555,90,10:10:10,0,268435457,31.200000,187.200000,250,2,2,4,2721524.830000,10685531.330000,60,0,0,0,º½Ïò½Ç,0,0,00001111111111111123,40100,0,0,0,,END&
#BEGIN,3,52012,ÃöA001,0,2011111,5555555,90,10:10:10,0,268435457,33.600000,201.600000,250,2,2,4,2721594.670000,10685609.830000,60,0,0,0,º½Ïò½Ç,0,0,00001111111111111123,40100,0,0,0,,END&
#BEGIN,3,52012,ÃöA003,0,2011111,5555555,90,10:10:10,0,268435457,31.400000,188.400000,250,2,2,4,2721524.830000,10685532.330000,60,0,0,0,º½Ïò½Ç,0,0,00001111111111111123,40100,0,0,0,,END&
#BEGIN,3,52012,ÃöA001,0,2011111,5555555,90,10:10:10,0,268435457,33.800000,202.800000,250,2,2,4,2721594.170000,10685609.170000,60,0,0,0,º½Ïò½Ç,0,0,00001111111111111123,40100,0,0,0,,END&
#BEGIN,3,52012,ÃöA003,0,2011111,5555555,90,10:10:10,0,268435457,31.600000,189.600000,250,2,2,4,2721524.830000,10685533.500000,60,0,0,0,º½Ïò½Ç,0,0,00001111111111111123,40100,0,0,0,,END&
#BEGIN,3,52012,ÃöA001,0,2011111,5555555,90,10:10:10,0,268435457,34.000000,204.000000,250,2,2,4,2721593.670000,10685608.670000,60,0,0,0,º½Ïò½Ç,0,0,00001111111111111123,40100,0,0,0,,END&
#BEGIN,3,52012,ÃöA003,0,2011111,5555555,90,10:10:10,0,268435457,31.800000,190.800000,250,2,2,4,2721525.000000,10685534.500000,60,0,0,0,º½Ïò½Ç,0,0,00001111111111111123,40100,0,0,0,,END&
#BEGIN,3,52012,ÃöA001,0,2011111,5555555,90,10:10:10,0,268435457,34.200000,205.200000,250,2,2,4,2721593.170000,10685608.000000,60,0,0,0,º½Ïò½Ç,0,0,00001111111111111123,40100,0,0,0,,END&
#BEGIN,3,52012,ÃöA003,0,2011111,5555555,90,10:10:10,0,268435457,32.000000,192.000000,250,2,2,4,2721525.000000,10685535.500000,60,0,0,0,º½Ïò½Ç,0,0,00001111111111111123,40100,0,0,0,,END&
#BEGIN,3,52012,ÃöA001,0,2011111,5555555,90,10:10:10,0,268435457,34.400000,206.400000,250,2,2,4,2721592.670000,10685607.500000,60,0,0,0,º½Ïò½Ç,0,0,00001111111111111123,40100,0,0,0,,END&
#BEGIN,3,52012,ÃöA003,0,2011111,5555555,90,10:10:10,0,268435457,32.200000,193.200000,250,2,2,4,2721525.000000,10685536.330000,60,0,0,0,º½Ïò½Ç,0,0,00001111111111111123,40100,0,0,0,,END&
#BEGIN,3,52012,ÃöA001,0,2011111,5555555,90,10:10:10,0,268435457,34.600000,207.600000,250,2,2,4,2721592.170000,10685607.000000,60,0,0,0,º½Ïò½Ç,0,0,00001111111111111123,40100,0,0,0,,END&
#BEGIN,3,52012,ÃöA003,0,2011111,5555555,90,10:10:10,0,268435457,32.400000,194.400000,250,2,2,4,2721525.000000,10685537.330000,60,0,0,0,º½Ïò½Ç,0,0,00001111111111111123,40100,0,0,0,,END&
#BEGIN,3,52012,ÃöA001,0,2011111,5555555,90,10:10:10,0,268435457,34.800000,208.800000,250,2,2,4,2721591.830000,10685606.330000,60,0,0,0,º½Ïò½Ç,0,0,00001111111111111123,40100,0,0,0,,END&
#BEGIN,3,52012,ÃöA003,0,2011111,5555555,90,10:10:10,0,268435457,32.600000,195.600000,250,2,2,4,2721525.000000,10685538.330000,60,0,0,0,º½Ïò½Ç,0,0,00001111111111111123,40100,0,0,0,,END&
#BEGIN,3,52012,ÃöA001,0,2011111,5555555,90,10:10:10,0,268435457,35.000000,210.000000,250,2,2,4,2721591.330000,10685605.830000,60,0,0,0,º½Ïò½Ç,0,0,00001111111111111123,40100,0,0,0,,END&
